Parameter	Posterior Mean	Posterior Variance	a_post	b_post
R/theta	0.0593589	1.82073e-07	19352	326018
1/delta	0.00460598	1.09658e-09	19346.5	4.20031e+06
nu	0.0432817	1.03068e-08	181755	4.19934e+06
p12.A11	0.00581151	3.26571e-08	1034.19	177956
p12.E2	0.0995925	8.12007e-07	12215	122650
p12.F2	0.00395978	2.18577e-08	717.358	181161
p12.G7	0.0800518	8.58447e-07	7464.98	93251.8
p13.C1	0.0097066	5.6761e-08	1659.91	171008
p13.D10	0.0978442	8.25222e-07	11601.1	118567
p13.F3	0.10545	8.52036e-07	13050.8	123763
p20.D4	0.00246596	1.34617e-08	451.723	183183
p20.F10	0.00656562	3.84441e-08	1121.3	170783
p20.G9	0.00400637	2.21009e-08	726.258	181276
p21.A8	0.00597666	3.41589e-08	1045.71	174966
p21.E3	0.0110174	6.79335e-08	1786.78	162179
p21.F1	0.0111151	7.26371e-08	1700.87	153023
p21.F9	0.00628202	3.56628e-08	1106.58	176151
p22.A8	0.0114424	6.76922e-08	1934.17	169036
p22.B5	0.010936	6.45866e-08	1851.71	169323
p22.C1	0.0955116	8.09658e-07	11267.1	117965
p22.D1	0.00275511	1.50625e-08	503.943	182912
p22.D4	0.0111419	6.54332e-08	1897.24	170279
p23.A3	0.111939	9.55741e-07	13110.6	117123
p23.B8	0.0103231	6.07327e-08	1754.67	169975
p24.B5	0.0845765	7.25933e-07	9853.79	116507
p24.H2	0.0888105	6.62951e-07	11897.3	133962
p25.A12	0.0104476	6.07735e-08	1796.04	171910
p25.C11	0.00178061	7.08598e-08	44.7444	25128.7
p25.D2	2.13599e-05	1.14514e-10	3.9842	186527
p26.B7	0.0806922	7.08103e-07	9195.31	113955
p26.D6	0.00987669	5.71926e-08	1705.62	172692
p26.E7	0.0122622	7.47703e-08	2010.96	163998
p27.D6	0.0884692	8.12624e-07	9631.52	108869
p27.F2	0.0994469	7.49609e-07	13193.1	132665
p3.A3	1.06958e-05	5.73415e-11	1.99506	186528
p3.F8	0.0131211	2.56536e-07	671.104	51147
p3.G9	0.100007	1.00191e-06	9982.42	99816.8
p4.A6	1.06839e-05	5.72779e-11	1.99284	186527
p4.D2	0.0955559	7.70572e-07	11849.6	124007
p4.E5	0.00962684	5.58955e-08	1658.03	172229
p4.E6	0.00694528	3.8498e-08	1252.97	180406
p5.C1	0.00627613	3.84266e-08	1025.07	163328
p5.C3	0.0105903	6.24843e-08	1794.93	169488
p5.D5	0.00760578	5.44965e-08	1061.5	139565
p5.H11	0.00726918	4.04396e-08	1306.66	179754
p6.A10	0.00612195	4.69835e-08	797.691	130300
p6.B9	0.00914669	1.68119e-07	497.635	54406
p7.G11	0.0149897	1.09068e-07	2060.11	137434
p8.B9	0.0093791	5.41901e-08	1623.31	173078
p8.C7	0.0851437	8.04347e-07	9012.83	105854
p8.E4	0.0194047	1.67001e-07	2254.73	116195
p8.H7	0.109104	6.99983e-07	17005.7	155867
HB0737	0.0774445	6.42418e-07	9336.05	120552
HB0766	0.0810962	6.4134e-07	10254.5	126448
HB0814	0.0473918	3.82021e-07	5879.21	124055
NODE_57	0.00636825	4.47073e-08	907.112	142443
NODE_58	0.00383485	2.08515e-08	705.275	183912
NODE_59	0.00228891	1.23551e-08	424.042	185260
NODE_60	0.00536589	2.95271e-08	975.131	181728
NODE_61	0.0755486	7.2785e-07	7841.7	103797
NODE_62	0.0101943	5.90932e-08	1758.65	172513
NODE_63	0.0779068	8.81448e-07	6885.79	88385
NODE_64	0.0902896	6.60318e-07	12345.9	136736
NODE_65	0.0174711	1.27996e-07	2384.75	136497
NODE_66	0.015935	1.79186e-07	1417.11	88930.3
NODE_67	0.0695125	5.57154e-07	8672.63	124764
NODE_68	0.0111925	6.62584e-08	1890.64	168921
NODE_69	0.0684	5.37921e-07	8697.49	127156
NODE_70	0.0124222	9.17531e-08	1681.81	135387
NODE_71	0.0103169	7.04843e-08	1510.1	146372
NODE_72	0.00849536	5.78927e-08	1246.63	146743
NODE_73	0.0150133	2.45449e-07	918.308	61166.5
NODE_74	0.00944619	6.18712e-08	1442.2	152675
NODE_75	0.00621149	3.96769e-08	972.42	156552
NODE_76	0.0100341	1.12477e-07	895.142	89210
NODE_77	0.00904036	5.42558e-08	1506.35	166625
NODE_78	0.00539985	3.10606e-08	938.758	173849
NODE_79	0.00516607	2.89825e-08	920.842	178248
NODE_80	0.00909089	5.38566e-08	1534.53	168798
NODE_81	0.00752986	4.44961e-08	1274.24	169225
NODE_82	0.00874109	6.50486e-08	1174.61	134378
NODE_83	0.00685018	3.88938e-08	1206.49	176126
NODE_84	0.00956658	8.0447e-08	1137.64	118918
NODE_85	0.00982935	5.91925e-08	1632.24	166057
NODE_86	0.00761283	4.33449e-08	1337.07	175634
NODE_87	0.0191171	1.99377e-07	1833.03	95884.4
NODE_88	0.0189977	1.80342e-07	2001.28	105343
NODE_89	0.0138581	1.01701e-07	1888.35	136263
NODE_90	0.074791	7.30549e-07	7656.84	102376
NODE_91	0.0908393	1.05624e-06	7812.4	86002.3
NODE_92	0.0145861	1.00573e-07	2115.41	145030
NODE_98	0.0114076	9.16988e-08	1419.15	124403
NODE_99	0.00859005	4.8946e-08	1507.56	175500
NODE_100	0.0125552	7.78288e-08	2025.37	161317
NODE_101	0.00634183	4.33719e-08	927.301	146220
NODE_102	0.00665151	3.84916e-08	1149.41	172804
NODE_103	0.00392016	2.29712e-08	668.998	170656
NODE_104	0.00317241	1.79013e-08	562.203	177216
NODE_105	0.005754	3.90369e-08	848.135	147399
NODE_106	0.0824356	9.0037e-07	7547.59	91557.5
NODE_107	0.00407984	2.24024e-08	743.004	182116
NODE_108	0.00482329	2.6618e-08	873.999	181204
NODE_109	0.00208845	1.12619e-08	387.291	185444
